1;1;1022;15/01/2016;500000;30;DIAS
1;1;1022397291;15/01/2017;800000;30;DIAS
11;1;1022;16/01/2016;10000;2,5;HORAS
11;1;1022397291;16/01/2017;50000;10;HORAS
1;1;1022;14/02/2016;505000;30;DIAS
1;1;1022397291;14/02/2017;808000;30;DIAS
11;1;1022;15/02/2016;10100;2,5;HORAS
11;1;1022397291;15/02/2017;50500;10;HORAS
1;1;1022;15/03/2016;510050;30;DIAS
1;1;1022397291;16/03/2017;816080;30;DIAS
11;1;1022;16/03/2016;10201;2,5;HORAS
11;1;1022397291;17/03/2017;51005;10;HORAS
1;1;1022;14/04/2016;515151;30;DIAS
1;1;1022397291;15/04/2017;824241;30;DIAS
11;1;1022;15/04/2016;10303;2,5;HORAS
11;1;1022397291;16/04/2017;51515;10;HORAS
1;1;1022;14/05/2016;520302;30;DIAS
1;1;1022397291;15/05/2017;832483;30;DIAS
11;1;1022;15/05/2016;10406;2,5;HORAS
11;1;1022397291;16/05/2017;52030;10;HORAS
1;1;1022;13/06/2016;525505;30;DIAS
1;1;1022397291;14/06/2017;840808;30;DIAS
11;1;1022;14/06/2016;10510;2,5;HORAS
11;1;1022397291;15/06/2017;52551;10;HORAS
1;1;1022;13/07/2016;530760;30;DIAS
1;1;1022397291;14/07/2017;849216;30;DIAS
11;1;1022;14/07/2016;10615;2,5;HORAS
11;1;1022397291;15/07/2017;53076;10;HORAS
1;1;1022;12/08/2016;536068;30;DIAS
1;1;1022397291;13/08/2017;857708;30;DIAS
11;1;1022;13/08/2016;10721;2,5;HORAS
11;1;1022397291;14/08/2017;53607;10;HORAS
1;1;1022;11/09/2016;541428;30;DIAS
1;1;1022397291;12/09/2017;866285;30;DIAS
11;1;1022;12/09/2016;10829;2,5;HORAS
11;1;1022397291;13/09/2017;54143;10;HORAS
1;1;1022;11/10/2016;546843;30;DIAS
1;1;1022397291;12/10/2017;874948;30;DIAS
11;1;1022;12/10/2016;10937;2,5;HORAS
11;1;1022397291;13/10/2017;54684;10;HORAS
1;1;1022;10/11/2016;552311;30;DIAS
1;1;1022397291;11/11/2017;883698;30;DIAS
11;1;1022;11/11/2016;11046;2,5;HORAS
11;1;1022397291;12/11/2017;55231;10;HORAS
1;1;1022;10/12/2016;557834;30;DIAS
1;1;1022397291;11/12/2017;892535;30;DIAS
11;1;1022;11/12/2016;11157;2,5;HORAS
11;1;1022397291;12/12/2017;55783;10;HORAS
1;1;1022;9/01/2017;563413;30;DIAS
1;1;1022397291;10/01/2018;901460;30;DIAS
11;1;1022;10/01/2017;11268;2,5;HORAS
11;1;1022397291;11/01/2018;56341;10;HORAS
1;1;1022;8/02/2017;569047;30;DIAS
1;1;1022397291;9/02/2018;910475;30;DIAS
11;1;1022;9/02/2017;11381;2,5;HORAS
11;1;1022397291;10/02/2018;56905;10;HORAS
1;1;1022;10/03/2017;574737;30;DIAS
1;1;1022397291;11/03/2018;919579;30;DIAS
11;1;1022;11/03/2017;11495;2,5;HORAS
11;1;1022397291;12/03/2018;57474;10;HORAS
1;1;1022;9/04/2017;580484;30;DIAS
1;1;1022397291;10/04/2018;928775;30;DIAS
11;1;1022;10/04/2017;11610;2,5;HORAS
11;1;1022397291;11/04/2018;58048;8;HORAS
;;;;;;
;;;;;;
;;;;;;
;;;;;;
;;;;;;
;;;;;;
;;;;;;
;;;;;;
;;;;;;
;;;;;;
;;;;;;
;;;;;;
;;;;;;
;;;;;;
;;;;;;
;;;;;;
;;;;;;
;;;;;;
;;;;;;
;;;;;;
;;;;;;
;;;;;;
;;;;;;
;;;;;;
;;;;;;
;;;;;;
;;;;;;
;;;;;;
