1;3116448;1;MIGUEL;ANTONIO;BAEZ;CARRILLO;5725513;17/09/1971;1;3;3116448;5;5711001;20/06/1950;5747001;CL 29 K 5 21 C 74;LOS LAURELES;3;2;0;3176635898;miguelbaez2009@hotmail.com;;4;1;;;;;;1;7
2;empleado;32;61;8/09/2021;1;;5720011;286;1;Transferencia;1;91637863857;AHORROS;;;;5;;1;0;1;;;;;;;;;;;
3;1;3;;;;;;;;;;;;;;;;;;;;;;;;;;;;;;
4;133;;;;;;;;;;;;;;;;;;;;;;;;;;;;;;;
5;11;38;67;0;8/09/2021;;;;;;;;;;;;;;;;;;;;;;;;;;;
6;MES;4895000;;8/09/2021;;1;;;;;;;;;;;;;;;;;;;;;;;;;;
8;ROXANA CAROLINA BAEZ MORA;3164504324;CL 29 K 5 21 C 74;5747001;;;;;;;;;;;;;;;;;;;;;;;;;;;;
1;71275945;1;JUAN;CARLOS;PALACIOS;PALACIOS;5705001;5/02/2001;1;4;71275945;1;5705147;7/06/1982;5705001;TV 37 71 38;LAURELES;3;1;3112108488;3112108488;juanpalacios4@hotmail.com;;4;1;;;;;;7;2
2;empleado;32;61;8/09/2021;1;;5705001;286;1;Transferencia;1;10852640830;AHORROS;;;;5;;1;0;1;;;;;;;;;;;
3;1;3;;;;;;;;;;;;;;;;;;;;;;;;;;;;;;
4;133;;;;;;;;;;;;;;;;;;;;;;;;;;;;;;;
5;13;27;9;13;8/09/2021;;;;;;;;;;;;;;;;;;;;;;;;;;;
6;MES;4400000;;8/09/2021;;1;;;;;;;;;;;;;;;;;;;;;;;;;;
8;DIANA ISABEL CORDOBA;3194831399;TV 37 71 38;5705001;;;;;;;;;;;;;;;;;;;;;;;;;;;;
