136595;OTROS;1;;11;;;;;;
236505;SALARIOS Y PAGOS LABORALES;1;;11;;;;;;
237005;APORTES AL I.S.S.   ;3;;11;;;;;;
237006;APORTES ADMON RIESGOS PROFESION. A.R.P;5;;11;;;;;;
237010;APORTES CCF;4;;11;;;;;;
237011;APORTES ICBF;8;115;11;;;;;;
237012;APORTES SENA;8;117;11;;;;;;
237045;FONDOS APORTES VOLUNTARIOS;8;129;11;;;;;;
238030;FONDOS DE CESANTIAS Y O PENSIONES;2;;11;;;;;;
250501;SALARIOS POR PAGAR;1;;11;;;;;;
251010;LEY 50 DE 1990 Y NORMAS POSTERIORES     ;1;;11;;;;;;
251501;INTERESES SOBRE CESANTIAS         ;1;;11;;;;;;
252501;VACACIONES CONSOLIDADAS        ;1;;11;;;;;;
261005;CESANTIAS;1;;11;;;;;;
261010;INTERESES SOBRE CESANTIAS              ;1;;11;;;;;;
261015;VACACIONES          ;1;;11;;;;;;
261020;PRIMA DE SERVICIOS   ;1;;11;;;;;;
510503;SALARIO INTEGRAL           ;1;;11;;;;;;
510506;SUELDOS            ;1;;11;;;;;;
510515;HORAS EXTRAS Y RECARGOS        ;1;;11;;;;;;
510519;GARANTIZADO;1;;11;;;;;;
510524;INCAPACIDADES;1;;11;;;;;;
510527;AUXILIO DE TRANSPORTE           ;1;;11;;;;;;
510530;CESANTIAS                  ;1;;11;;;;;;
510533;INTERESES SOBRE CESANTIAS               ;1;;11;;;;;;
510536;PRIMA DE SERVICIOS          ;1;;11;;;;;;
510539;VACACIONES       ;1;;11;;;;;;
510568;APORTES ADMON RIESGOS PROFESION. A.R.P  ;5;;11;;;;;;
510569;APORTES ENTIDADES PROMOT. SALUD E.P.S.  ;3;;11;;;;;;
510570;APORTES A FONDOS DE PENSIONES Y/O CESANT;2;;11;;;;;;
510572;APORTES CAJAS DE COMPENSACION FAMILIAR  ;4;;11;;;;;;
510575;APORTES I.C.B.F.           ;8;115;11;;;;;;
510578;SENA                                    ;8;117;11;;;;;;
510579;CONTRATO APRENDIZAJE SENA     ;1;;11;;;;;;
515520;PASAJES TERRESTRES      ;1;;11;;;;;;
519520;GASTOS DE REPRESENTACIÓN;1;;11;;;;;;
520503;SALARIO INTEGRAL           ;1;;11;;;;;;
520506;SUELDOS            ;1;;11;;;;;;
520518;COMISIONES;1;;11;;;;;;
520524;INCAPACIDADES;1;;11;;;;;;
520527;AUXILIO DE TRANSPORTE           ;1;;11;;;;;;
520530;CESANTIAS                  ;1;;11;;;;;;
520533;INTERESES SOBRE CESANTIAS               ;1;;11;;;;;;
520536;PRIMA DE SERVICIOS          ;1;;11;;;;;;
520539;VACACIONES       ;1;;11;;;;;;
520568;APORTES ADMON RIESGOS PROFESION. A.R.P  ;5;;11;;;;;;
520569;APORTES ENTIDADES PROMOT. SALUD E.P.S.  ;3;;11;;;;;;
520570;APORTES A FONDOS DE PENSIONES Y/O CESANT;2;;11;;;;;;
520572;APORTES CAJAS DE COMPENSACION FAMILIAR  ;4;;11;;;;;;
520575;APORTES I.C.B.F.           ;8;115;11;;;;;;
520578;SENA                                    ;8;117;11;;;;;;
525520;PASAJES TERRESTRES      ;1;;11;;;;;;
2;4;;;;1;520506;250501;11;;3
2;4;;;;2;520503;250501;11;;3
2;4;;;;3;520518;250501;11;;3
2;4;;;;5;520527;250501;11;;3
2;4;;;;15;520524;250501;11;;3
2;4;;;;29;261015;250501;11;;3
2;4;;;;68;251501;250501;11;;3
2;4;;;;83;525520;250501;11;;3
2;4;;;;18;250501;237005;11;;3
2;4;;;;19;250501;238030;11;;3
2;4;;;;91;250501;136595;11;;3
2;4;;;;33;250501;237005;11;;3
2;4;;;;36;250501;236505;11;;3
2;4;;;;90;250501;136595;11;;3
2;4;;;;80;250501;519520;11;;3
2;4;;;;98;250501;261015;11;;3
2;4;;;;58;261020;250501;11;;3
2;4;;;;66;261005;251010;11;;3
2;4;;;;67;261010;251501;11;;3
2;4;;;;69;261010;251501;11;;3
2;4;;;;30;261015;252501;11;;3
2;2;;2;;;520530;261005;11;;2
2;2;;3;;;520533;261010;11;;2
2;2;;1;;;520536;261020;11;;2
2;2;;4;;;520539;261015;11;;2
2;3;;;3;;520568;237006;11;;1
2;3;;;2;;520569;237005;11;;1
2;3;;;1;;520570;238030;11;;1
2;3;;;6;;520578;237012;11;;1
2;3;;;5;;520575;237011;11;;1
2;3;;;4;;520572;237010;11;;1
2;4;;;;1;510506;250501;11;50;3
2;4;;;;2;510503;250501;11;50;3
2;4;;;;5;510527;250501;11;50;3
2;4;;;;11;510515;250501;11;50;3
2;4;;;;15;510524;250501;11;50;3
2;4;;;;54;510579;250501;11;50;3
2;4;;;;83;515520;250501;11;50;3
2;4;;;;99;510519;250501;11;50;3
2;4;;;;100;519520;250501;11;50;3
2;4;;;;39;250501;237045;11;50;3
2;2;;2;;;510530;261005;11;50;2
2;2;;3;;;510533;261010;11;50;2
2;2;;1;;;510536;261020;11;50;2
2;2;;4;;;510539;261015;11;50;2
2;3;;;3;;510568;237006;11;50;1
2;3;;;2;;510569;237005;11;50;1
2;3;;;1;;510570;238030;11;50;1
2;3;;;6;;510578;237012;11;50;1
2;3;;;5;;510575;237011;11;50;1
2;3;;;4;;510572;237010;11;50;1
