1;80729894;1;JUAN;CARLOS;GOMEZ;GOMEZ;5711001;12/02/2001;1;3;;;5711001;30/11/1982;5711001;CR 71 56 60;EL PERDOMO;2;2;0;3219810405;juancarlos30111982@gmail.com;;4;1;;;;;;1;1
2;empleado;23;30;1/11/2022;1;;5711001;166;1;Transferencia;130;0570006680555098;AHORROS;;;;5;;1;0;1;;;;;;;;;;;
3;1;3;;;;;;;;;;;;;;;;;;;;;;;;;;;;;;
4;118;;;;;;;;;;;;;;;;;;;;;;;;;;;;;;;
5;13;2;71;13;1/11/2022;;;;;;;;;;;;;;;;;;;;;;;;;;;
6;MES;1000000;;1/11/2022;;1;;;;;;;;;;;;;;;;;;;;;;;;;;
8;ANDRES GOMEZ;3228857559;CR 71 56 60;5711001;;;;;;;;;;;;;;;;;;;;;;;;;;;;
1;80130220;1;URREA;CARDENAS;NELSON;ENRIQUE;5711001;8/07/1999;1;4;;;5711001;25/12/1980;5711001;CR 97 C 157 A 41;ORQUIDEAS;2;1;0;3212975253;nelson.urrea.1@gmail.com;;1;1;;;;;;2;1
2;empleado;23;30;1/11/2022;1;;5711001;166;1;Cheque;;;;;;;5;;1;0;1;;;;;;;;;;;
3;1;3;;;;;;;;;;;;;;;;;;;;;;;;;;;;;;
4;118;;;;;;;;;;;;;;;;;;;;;;;;;;;;;;;
5;11;2;96;11;1/11/2022;;;;;;;;;;;;;;;;;;;;;;;;;;;
6;MES;1000000;;1/11/2022;;1;;;;;;;;;;;;;;;;;;;;;;;;;;
8;LENY PEÑUELA;3228382742;CR 97 C 157 A 41;5711001;;;;;;;;;;;;;;;;;;;;;;;;;;;;
1;1073990317;1;FELIPE;SANTIAGO;MONTES;LEON;5711001;14/07/2009;1;3;;;5723555;28/08/1989;5711001;CL 131 B 153 15;LISBOA;1;1;3212292095;3136436447;montesfelipe0312@gmail.com;;4;1;;;;;;1;1
2;empleado;23;30;4/11/2022;1;;5711001;166;1;Cheque;;;;;;;5;;1;0;1;;;;;;;;;;;
3;1;3;;;;;;;;;;;;;;;;;;;;;;;;;;;;;;
4;118;;;;;;;;;;;;;;;;;;;;;;;;;;;;;;;
5;11;2;4;11;4/11/2022;;;;;;;;;;;;;;;;;;;;;;;;;;;
6;MES;1000000;;4/11/2022;;1;;;;;;;;;;;;;;;;;;;;;;;;;;
8;KETTY MONTES;3212292095;CL 131 B 153 15;5711001;;;;;;;;;;;;;;;;;;;;;;;;;;;;
1;80748553;1;JAVIER;ANTONIO;GARCIA;RODRIGUEZ;5711001;3/12/2002;1;4;;;5711001;5/03/1983;5711001;DG 68 SUR 37 69 INT 161;CANDELARIA NUEVA;2;1;0;3214491325;jg5359332@gmail.com;;4;1;;;;;;3;1
2;empleado;23;30;4/11/2022;1;;5711001;166;1;Transferencia;128;4282021893;AHORROS;;;;5;;1;0;1;;;;;;;;;;;
3;1;3;;;;;;;;;;;;;;;;;;;;;;;;;;;;;;
4;118;;;;;;;;;;;;;;;;;;;;;;;;;;;;;;;
5;13;2;73;13;4/11/2022;;;;;;;;;;;;;;;;;;;;;;;;;;;
6;MES;1000000;;4/11/2022;;1;;;;;;;;;;;;;;;;;;;;;;;;;;
8;DIANA GUTIERREZ;3143204780;DG 68 SUR 37 69 INT 161;5711001;;;;;;;;;;;;;;;;;;;;;;;;;;;;
1;1090457488;1;JOSE;ANDRES;ORTEGA;GARCIA;5754001;15/12/2020;1;3;1090457488;54;5754001;6/12/1992;5725754;CR 8 17 12;LINCON;3;2;0;3227397363;ingjoseandresortega@gmail.com;;4;1;;;;;;6;1
2;empleado;23;30;8/11/2022;1;;5711001;169;1;Transferencia;130;550488411262139;AHORROS;;;;5;;1;0;1;;;;;;;;;;;
3;1;6;;;;;;;;;;;;;;;;;;;;;;;;;;;;;;
4;116;;;;;;;;;;;;;;;;;;;;;;;;;;;;;;;
5;13;2;73;10;8/11/2022;;;;;;;;;;;;;;;;;;;;;;;;;;;
6;MES;2000000;;8/11/2022;;1;;;;;;;;;;;;;;;;;;;;;;;;;;
8;JULIANA JIMENEZ;3057454627;CR 8 17 12;5725754;;;;;;;;;;;;;;;;;;;;;;;;;;;;
1;1003634060;1;CRISTHIAN;ESTEBAN;FUENTES;CAMPOS;5725612;20/11/2018;1;3;;;5725307;17/11/2000;5711001;CL 10 B 88 F 92;CASTILLA;3;1;0;3202934108;cristhianfuentes456@gmail.com;;1;1;;;;;;6;1
2;empleado;23;30;8/11/2022;1;;5711001;150;1;Cheque;;;;;;;5;;1;0;1;;;;;;;;;;;
3;1;6;;;;;;;;;;;;;;;;;;;;;;;;;;;;;;
4;113;;;;;;;;;;;;;;;;;;;;;;;;;;;;;;;
5;11;2;71;11;8/11/2022;;;;;;;;;;;;;;;;;;;;;;;;;;;
6;MES;1800000;;8/11/2022;;1;;;;;;;;;;;;;;;;;;;;;;;;;;
8;GILDARDO FUENTES;3103039242;CL. 10B #88D-92, BOGOTÁ, COLOMBIA;5711001;;;;;;;;;;;;;;;;;;;;;;;;;;;;
