1;238030;APORTE PENSIÓN Y/O FONDO DE SOLIDARIDAD;2;;16;;;;;
1;236505;RETENCION EN LA FUENTE;1;;16;;;;;
1;237006;ARL;5;;16;;;;;
1;237010;Aportes al ICBF, SENA y cajas de compensación;8;115;16;;;;;
1;237005;APORTE SALUD;3;;16;;;;;
1;250505;SALARIOS POR PAGAR;1;;16;;;;;
1;261010;INTERESES DE CESANTIAS;1;;16;;;;;
1;261015;VACACIONES;1;;16;;;;;
1;261005;CESANTIAS;1;;16;;;;;
1;261020;PRIMA DE SERVICIOS   ;1;;16;;;;;
1;510506;SALARIO BÁSICO;1;;16;;;;;
1;510507;SALARIO INTEGRAL;1;;16;;;;;
1;510530;CESANTIAS                  ;1;;16;;;;;
1;510533;INTERESES DE CESANTIAS               ;1;;16;;;;;
1;510536;PRIMA DE SERVICIOS          ;1;;16;;;;;
1;510539;VACACIONES       ;1;;16;;;;;
1;510568;ARL;5;;16;;;;;
1;510569;APORTES ENTIDADES PROMOT. SALUD E.P.S.;3;;16;;;;;
1;510570;APORTES A FONDOS DE PENSIONES Y/O CESANT;2;;16;;;;;
1;510572;APORTES CAJAS DE COMPENSACION FAMILIAR;4;;16;;;;;
1;510575;APORTES I.C.B.F.           ;8;115;16;;;;;
1;510578;SENA;8;117;16;;;;;
1;510545;AUXILIOS Y/O PAGOS NO SALARIALES;1;;16;;;;;
1;510527;SUBSIDIO DE TRANSPORTE;1;;16;;;;;
2;3;;;1;;510570;238030;16;;1
2;4;;;;19;510570;238030;16;;3
2;4;;;;33;510570;238030;16;;3
2;4;;;;36;236505;236505;16;;3
2;3;;;3;;510568;237006;16;;1
2;3;;;4;;510572;237010;16;;1
2;3;;;5;;510575;237010;16;;1
2;3;;;6;;510578;237010;16;;1
2;3;;;2;;510569;237005;16;;1
2;4;;;;18;510569;237005;16;;3
2;4;;;;1;510506;250505;16;;3
2;4;;;;17;510506;250505;16;;3
2;4;;;;29;261015;250505;16;;3
2;4;;;;20;510506;250505;16;;3
2;4;;;;58;261020;250505;16;;3
2;4;;;;66;261005;250505;16;;3
2;4;;;;56;510545;250505;16;;3
2;4;;;;5;510527;250505;16;;3
2;2;;3;;;510533;261010;16;;2
2;2;;4;;;510539;261015;16;;2
2;2;;2;;;510530;261005;16;;2
2;2;;1;;;510536;261020;16;;2
