1;1030626755;1;LEIDY;ALEXANDRA;ROJAS;BLANCO;5711001;1/07/2011;2;3;;;5711001;20/01/1993;5711001;CL 2 89 35;TINTAL;2;1;4642741;3228457162;emyrojas437@gmail.com;;1;1;;;;;;5;1
2;empleado;28;44;17/01/2022;1;;5711001;274;1;Transferencia;130;456370111191;AHORROS;;;;5;;1;0;1;;;;;;;;;;;
3;4;12;;;;;;;;;;;;;;;;;;;;;;;;;;;;;;
4;125;;;;;;;;;;;;;;;;;;;;;;;;;;;;;;;
5;11;5;71;11;17/01/2022;;;;;;;;;;;;;;;;;;;;;;;;;;;
6;MES;1426300;;17/01/2022;;1;;;;;;;;;;;;;;;;;;;;;;;;;;
8;LINDA ROJAS;3227846607;CL 2 89 35;5711001;;;;;;;;;;;;;;;;;;;;;;;;;;;;
1;1030571195;1;JOHN;EDINSON;FALLA;REMISIO;5711001;9/04/2008;1;1;1030571195;;5773504;18/03/1990;5711001;CR 123 130 C 95 TO 3 AP 503;VILLAMARIA;2;2;8001937;3108879333;edinsonfalla@hotmail.com;;4;1;;;;;;3;1
2;empleado;28;44;17/01/2022;1;;5711001;256;1;Transferencia;1;19875755121;AHORROS;;;;5;;1;0;1;;;;;;;;;;;
3;4;12;;;;;;;;;;;;;;;;;;;;;;;;;;;;;;
4;125;;;;;;;;;;;;;;;;;;;;;;;;;;;;;;;
5;11;5;71;11;17/01/2022;;;;;;;;;;;;;;;;;;;;;;;;;;;
6;MES;1101700;;17/01/2022;;1;;;;;;;;;;;;;;;;;;;;;;;;;;
8;KAREN LOZANO;3148693116;CR 123 130 C 95 TO AP 503;5711001;;;;;;;;;;;;;;;;;;;;;;;;;;;;
1;1069304125;1;NELSON;GABRIEL;NAVARRETE;VENEGAS;5725322;9/07/2010;1;3;1069304125;47;5711001;6/05/1992;5725322;CL 5 5 34;CENTRO;3;2;0;3114716036;ngnv_17@hotmail.com;;4;1;;;;;;4;1
2;empleado;28;44;24/01/2022;1;;5711001;256;0;Transferencia;1;27382904368;AHORROS;;;;5;;1;0;1;;;;;;;;;;;
3;4;12;;;;;;;;;;;;;;;;;;;;;;;;;;;;;;
4;125;;;;;;;;;;;;;;;;;;;;;;;;;;;;;;;
5;13;5;4;13;24/01/2022;;;;;;;;;;;;;;;;;;;;;;;;;;;
6;MES;1167800;;24/01/2022;;1;;;;;;;;;;;;;;;;;;;;;;;;;;
8;PAOLA AVELLANEDA SÁNCHEZ;3144045976;CL 5 5 34 GUASCA;5725322;;;;;;;;;;;;;;;;;;;;;;;;;;;;
1;1110176863;1;LUIS;ANGEL;ANGARITA;DIAZ;5711001;22/07/2010;1;3;1110176863;40;5773504;30/03/1992;5711001;CR 77 61 C 57 SUR;TRES REYES;1;1;0;3123348795;aangarita48@gmail.com;;1;1;;;;;;5;7
2;empleado;28;44;24/01/2022;1;;5711001;256;0;Transferencia;1;10006148641;AHORROS;;;;5;;1;0;1;;;;;;;;;;;
3;4;12;;;;;;;;;;;;;;;;;;;;;;;;;;;;;;
4;125;;;;;;;;;;;;;;;;;;;;;;;;;;;;;;;
5;11;5;71;10;24/01/2022;;;;;;;;;;;;;;;;;;;;;;;;;;;
6;MES;1000000;;24/01/2022;;1;;;;;;;;;;;;;;;;;;;;;;;;;;
8;CLAUDIA LAGUNA BRAVO;3193718161;CR 77 61 C 57 SUR;5711001;;;;;;;;;;;;;;;;;;;;;;;;;;;;
