1;1003510485;1;MARCELA;ESPERANZA;VANEGAS;SABOGAL;5725260;5/08/2020;2;3;;;5725269;30/07/2002;5725260;CR 4 12 39;BOCHICA;3;2;0;3123911712;marcelavaengas203@gmail.com;;1;1;;;;;;4;1;;;;;;
2;empleado;28;53;16/06/2022;1;;5711001;146;1;Transferencia;125;141480509;AHORROS;;;;1;;1;0;1;;;;;;;;;;;;;;;;;
3;4;12;;;;;;;;;;;;;;;;;;;;;;;;;;;;;;;;;;;;
4;125;;;;;;;;;;;;;;;;;;;;;;;;;;;;;;;;;;;;;
5;11;5;71;13;16/06/2022;;;;;;;;;;;;;;;;;;;;;;;;;;;;;;;;;
6;MES;1000000;;16/06/2022;;1;;;;;;;;;;;;;;;;;;;;;;;;;;;;;;;;
8;BEATRIZ VANEGAS;3118050275;CR 4 12 39;5725260;;;;;;;;;;;;;;;;;;;;;;;;;;;;;;;;;;
1;1070976067;1;ANGIE;TATIANA;GONZALEZ;QUESADA;5725269;5/02/2014;2;4;;;5711001;29/01/1996;5725269;CR 13 16 30;CONJUNTO GIRASOLES;4;1;0;3115349225;tatianagonzalez.29@outlook.com;;1;1;;;;;;4;1;;;;;;
2;empleado;28;53;16/06/2022;1;;5711001;146;1;Transferencia;126;304746662;AHORROS;;;;1;;1;0;1;;;;;;;;;;;;;;;;;
3;4;12;;;;;;;;;;;;;;;;;;;;;;;;;;;;;;;;;;;;
4;125;;;;;;;;;;;;;;;;;;;;;;;;;;;;;;;;;;;;;
5;13;5;71;13;16/06/2022;;;;;;;;;;;;;;;;;;;;;;;;;;;;;;;;;
6;MES;1000000;;16/06/2022;;1;;;;;;;;;;;;;;;;;;;;;;;;;;;;;;;;
8;RAFAEL ALFONSO ACHURY GIL;3126349737;CL 13 16 30;5725269;;;;;;;;;;;;;;;;;;;;;;;;;;;;;;;;;;
1;1073172244;1;ANGELICA;PAOLA;GONZALEZ;LEON;5725430;19/11/2014;2;4;;;5711001;30/10/1996;5725430;CL 6 SUR 23 187;LA PROSPERIDAD;2;1;8204761;3147680087;gpaolitha86@gmail.com;;4;1;;;;;;4;7;;;;;;
2;empleado;28;53;16/06/2022;1;;5711001;146;1;Transferencia;15;3147680087;CORRIENTE;;;;1;;1;0;1;;;;;;;;;;;;;;;;;
3;4;12;;;;;;;;;;;;;;;;;;;;;;;;;;;;;;;;;;;;
4;125;;;;;;;;;;;;;;;;;;;;;;;;;;;;;;;;;;;;;
5;11;5;71;11;16/06/2022;;;;;;;;;;;;;;;;;;;;;;;;;;;;;;;;;
6;MES;1000000;;16/06/2022;;1;;;;;;;;;;;;;;;;;;;;;;;;;;;;;;;;
8;JHON DIAZ;3214095571;CL 6 SUR 23 187;5725430;;;;;;;;;;;;;;;;;;;;;;;;;;;;;;;;;;
