1;1000350109;1;ANDREA;GERALDIN;RUIZ;HERNÁNDEZ;5711001;5/06/2019;2;3;;;5711001;31/05/2001;5711001;CR 9 SUR 23 53;CARRERA 9 SUR #23-53;3;1;0;3005422430;geraldinruiz2001@gmail.com;;1;1;;;;;;5;1;;;;;;
2;empleado;28;47;18/10/2022;1;;5711001;266;0;Transferencia;128;4672024887;AHORROS;;;;3;;1;0;1;;;;;;;;;;;;;;;;;
3;4;12;;;;;;;;;;;;;;;;;;;;;;;;;;;;;;;;;;;;
4;125;;;;;;;;;;;;;;;;;;;;;;;;;;;;;;;;;;;;;
5;11;5;73;11;18/10/2022;;;;;;;;;;;;;;;;;;;;;;;;;;;;;;;;;
6;MES;1030000;;18/10/2022;;1;;;;;;;;;;;;;;;;;;;;;;;;;;;;;;;;
8;GLORIA HERNÁNDEZ;3115514317;CR 9 SUR 23 53;5711001;;;;;;;;;;;;;;;;;;;;;;;;;;;;;;;;;;
1;1016051986;1;MÓNICA;ALEJANDRA;DAZA;FALLA;5711001;14/01/2011;2;3;;;5715299;21/11/1992;5711001;CR 69 L 63 A;BOSQUE POPULAR;3;1;8044249;3195142723;modazafa1407@gmail.com;;1;1;;;;;;6;1;;;;;;
2;empleado;28;69;18/10/2022;1;;5711001;177;0;Transferencia;126;615043601;AHORROS;;;;1;;1;0;1;;;;;;;;;;;;;;;;;
3;4;12;;;;;;;;;;;;;;;;;;;;;;;;;;;;;;;;;;;;
4;125;;;;;;;;;;;;;;;;;;;;;;;;;;;;;;;;;;;;;
5;120;5;4;13;18/10/2022;;;;;;;;;;;;;;;;;;;;;;;;;;;;;;;;;
6;MES;3800000;;18/10/2022;;1;;;;;;;;;;;;;;;;;;;;;;;;;;;;;;;;
8;VALENTINA MENDOZA DAZA;3195142723;CR 69 L 63 A 26;5711001;;;;;;;;;;;;;;;;;;;;;;;;;;;;;;;;;;
1;1032434893;1;JOHANA;MARGARITA;TRUJILLO;CELEDON;5711001;28/01/2008;2;3;;;5711001;10/01/1990;5711001;CL 80 102 64;BOCHICA 2;3;2;0;3043565655;margarita.celedon9010@gmail.com;;3;1;;;;;;4;7;;;;;;
2;empleado;28;51;19/10/2022;1;;5711001;234;0;Cheque;;;;;;;1;;1;0;1;;;;;;;;;;;;;;;;;
3;4;12;;;;;;;;;;;;;;;;;;;;;;;;;;;;;;;;;;;;
4;125;;;;;;;;;;;;;;;;;;;;;;;;;;;;;;;;;;;;;
5;11;5;3;11;19/10/2022;;;;;;;;;;;;;;;;;;;;;;;;;;;;;;;;;
6;MES;1500000;;19/10/2022;;1;;;;;;;;;;;;;;;;;;;;;;;;;;;;;;;;
8;NURIS MARIA CELEDON;3118660265;CL 80 102 64;5711001;;;;;;;;;;;;;;;;;;;;;;;;;;;;;;;;;;
1;1073502447;1;LUZ;ANGELA;ROCHA;GARCIA;5725286;24/06/2004;2;2;;;5711001;21/05/1986;5725286;CL 21 1 10;EL HATO;2;2;0;3054662596;kenias36@outlook.com;;3;1;;;;;;4;1;;;;;;
2;empleado;28;40;12/10/2022;1;;5711001;210;0;Transferencia;130;550456200051195;AHORROS;;;;3;;1;0;1;;;;;;;;;;;;;;;;;
3;4;12;;;;;;;;;;;;;;;;;;;;;;;;;;;;;;;;;;;;
4;125;;;;;;;;;;;;;;;;;;;;;;;;;;;;;;;;;;;;;
5;13;5;71;13;12/10/2022;;;;;;;;;;;;;;;;;;;;;;;;;;;;;;;;;
6;MES;1000000;;12/10/2022;;1;;;;;;;;;;;;;;;;;;;;;;;;;;;;;;;;
8;CLAUDINA GARCIA GARCIA;3143903406;CL 21 1 10 FUNZA;5725286;;;;;;;;;;;;;;;;;;;;;;;;;;;;;;;;;;
1;1023927445;1;JUAN;SEBASTIAN;DAZA;HOYOS;5711001;13/09/2011;1;3;1023927445;2;5711001;5/09/1993;5725473;CR 4 E 17 10;IREGUI 1;2;1;0;3238049338;csilver754@gmail.com;;4;1;;;;;;3;1;;;;;;
2;empleado;28;40;14/10/2022;1;;5711001;210;0;Cheque;;;;;;;3;;1;0;1;;;;;;;;;;;;;;;;;
3;4;12;;;;;;;;;;;;;;;;;;;;;;;;;;;;;;;;;;;;
4;125;;;;;;;;;;;;;;;;;;;;;;;;;;;;;;;;;;;;;
5;110;5;4;13;14/10/2022;;;;;;;;;;;;;;;;;;;;;;;;;;;;;;;;;
6;MES;1000000;;14/10/2022;;1;;;;;;;;;;;;;;;;;;;;;;;;;;;;;;;;
8;SANDRA HOYOS;31275000251;CR 4 E 17 10;5725473;;;;;;;;;;;;;;;;;;;;;;;;;;;;;;;;;;
1;1143160930;1;ELKIN;DAVID;MORALES;ORTIZ;5708001;23/05/2015;1;3;;;5708001;3/03/1997;5725286;ZUAME;ZUAME;2;2;3005907034;3005907034;elkindavid199703@gmail.com;;1;1;;;;;;3;1;;;;;;
2;empleado;28;40;18/10/2022;1;;5711001;210;0;Transferencia;128;4862050691;AHORROS;;;;3;;1;0;1;;;;;;;;;;;;;;;;;
3;4;12;;;;;;;;;;;;;;;;;;;;;;;;;;;;;;;;;;;;
4;125;;;;;;;;;;;;;;;;;;;;;;;;;;;;;;;;;;;;;
5;13;5;73;13;18/10/2022;;;;;;;;;;;;;;;;;;;;;;;;;;;;;;;;;
6;MES;1000000;;18/10/2022;;1;;;;;;;;;;;;;;;;;;;;;;;;;;;;;;;;
8;LILIANA ORTIZ;3043499703;CL 80 35 D;5725286;;;;;;;;;;;;;;;;;;;;;;;;;;;;;;;;;;
