1;1018492416;1;SUSAN;JULIETH;GONZALEZ;BOLIVAR;5711001;13/02/2015;2;3;;;5711001;12/01/1997;5711001;CL 32 00 58;PERSEVERANCIA;2;2;0;3135156866;s.j.gonzalez.b@gmail.com;;4;1;;;;;;5;1;;;;;;
2;empleado;28;47;18/07/2022;1;;5711001;28;0;Transferencia;127;24073910574;AHORROS;;;;3;;1;0;1;;;;;;;;;;;;;;;;;
3;4;12;;;;;;;;;;;;;;;;;;;;;;;;;;;;;;;;;;;;
4;125;;;;;;;;;;;;;;;;;;;;;;;;;;;;;;;;;;;;;
5;11;5;71;11;18/07/2022;;;;;;;;;;;;;;;;;;;;;;;;;;;;;;;;;
6;MES;1000000;;18/07/2022;;1;;;;;;;;;;;;;;;;;;;;;;;;;;;;;;;;
8;YAZMIN BOLIVAR DIAZ;3102693503;CL 32 00 58;5711001;;;;;;;;;;;;;;;;;;;;;;;;;;;;;;;;;;
1;1016014843;1;ANYIE;LEANDRA;PIMENTEL;CRUZ;5711001;30/01/2007;2;4;;;5711001;11/01/1989;5725754;CR 30 36 309;CIUDAD VERDE;3;3;8401507;3197791702;anyitapime_77@hotmail.es;;4;1;;;;;;3;1;;;;;;
2;empleado;28;41;18/07/2022;1;;5711001;240;0;Transferencia;126;272284993;AHORROS;;;;3;;1;0;1;;;;;;;;;;;;;;;;;
3;4;12;;;;;;;;;;;;;;;;;;;;;;;;;;;;;;;;;;;;
4;125;;;;;;;;;;;;;;;;;;;;;;;;;;;;;;;;;;;;;
5;120;5;14;11;18/07/2022;;;;;;;;;;;;;;;;;;;;;;;;;;;;;;;;;
6;MES;1000000;;18/07/2022;;1;;;;;;;;;;;;;;;;;;;;;;;;;;;;;;;;
8;TERESA CRUZ;3112263150;CR 30 36 309;5725754;;;;;;;;;;;;;;;;;;;;;;;;;;;;;;;;;;
1;1073690675;1;JHENCY;JOELI;ARANGO;CALDERÓN;5725754;4/08/2009;2;3;;;5711001;2/08/1991;5725754;ARA COMPARTIR;COMPARTIR;2;1;0;3022456313;jhencyjoelia@gmail.com;;1;1;;;;;;4;7;;;;;;
2;empleado;28;41;18/07/2022;1;;5711001;35;0;Transferencia;12;3022456313;AHORROS;;;;3;;1;0;1;;;;;;;;;;;;;;;;;
3;4;12;;;;;;;;;;;;;;;;;;;;;;;;;;;;;;;;;;;;
4;125;;;;;;;;;;;;;;;;;;;;;;;;;;;;;;;;;;;;;
5;110;5;71;110;18/07/2022;;;;;;;;;;;;;;;;;;;;;;;;;;;;;;;;;
6;MES;1000000;;18/07/2022;;1;;;;;;;;;;;;;;;;;;;;;;;;;;;;;;;;
8;SONIA CALDERÓN;3134305665;SAN SEBASTIÁN COMPARTIR;5725754;;;;;;;;;;;;;;;;;;;;;;;;;;;;;;;;;;
