1;1058431211;1;MARCELA;;GARZÓN;ESTUPIÑAN;5711001;6/10/2014;2;3;;;5711001;31/03/1996;5711001;CR 135 137 38;TIBABUYES UNIVERSAL;3;1;0;3204909709;marcelagarzonn@gmail.com;;4;1;;;;;;5;1;;;;;;
2;empleado;28;47;18/04/2022;1;;5711001;19;0;Transferencia;126;30140701;AHORROS;;;;3;;1;0;1;;;;;;;;;;;;;;;;;
3;4;12;;;;;;;;;;;;;;;;;;;;;;;;;;;;;;;;;;;;
4;125;;;;;;;;;;;;;;;;;;;;;;;;;;;;;;;;;;;;;
5;110;5;69;110;18/04/2022;;;;;;;;;;;;;;;;;;;;;;;;;;;;;;;;;
6;MES;1400000;;18/04/2022;;1;;;;;;;;;;;;;;;;;;;;;;;;;;;;;;;;
8;GARZÓN;3134664791;CR 135 137 38;5711001;;;;;;;;;;;;;;;;;;;;;;;;;;;;;;;;;;
1;1075655821;1;RICARDO;ANDRES;ESTUPIÑAN;VILLACRES;5725001;17/05/2006;1;3;1075655821;47;5711001;4/03/1988;5711001;CL 49 A SUR 27 58;EL CARMEN;2;1;0;3219642693;ricarandres88@gmail.com;;1;1;;;;;;5;1;;;;;;
2;empleado;28;47;18/04/2022;1;;5711001;19;0;Transferencia;126;275423416;AHORROS;;;;3;;1;0;1;;;;;;;;;;;;;;;;;
3;4;12;;;;;;;;;;;;;;;;;;;;;;;;;;;;;;;;;;;;
4;125;;;;;;;;;;;;;;;;;;;;;;;;;;;;;;;;;;;;;
5;11;5;71;11;18/04/2022;;;;;;;;;;;;;;;;;;;;;;;;;;;;;;;;;
6;MES;1400000;;18/04/2022;;1;;;;;;;;;;;;;;;;;;;;;;;;;;;;;;;;
8;CHRISTIAN CAMILO ESTUPIÑAN VILLACRES;3202117715;CL 49 A SUR 27 58;5711001;;;;;;;;;;;;;;;;;;;;;;;;;;;;;;;;;;
