1;1032461562;1;JHON;WILMER;MORENO;CORTES;5711001;25/01/2012;1;4;94011501820;59;5711001;15/01/1994;5711001;DG 2 66 9;GALAN;3;2;3103013000;3103013000;jhonmoreno521@gmail.com;;4;1;;;;;;6;1
2;empleado;28;68;27/12/2022;1;;5711001;332;0;Transferencia;125;512178435;AHORROS;;;;3;;1;0;1;;;;;;;;;;;
3;4;12;;;;;;;;;;;;;;;;;;;;;;;;;;;;;;
4;125;;;;;;;;;;;;;;;;;;;;;;;;;;;;;;;
5;11;5;3;11;27/12/2022;;;;;;;;;;;;;;;;;;;;;;;;;;;
6;MES;3042000;;27/12/2022;;1;;;;;;;;;;;;;;;;;;;;;;;;;;
8;LUZ AMPARO LOZANO OLIVARES;3173719418;DG 2 66 9;5711001;;;;;;;;;;;;;;;;;;;;;;;;;;;;
1;1014180722;1;ANGELICA;MARCELA;MICELLY;SUÁREZ;5711001;11/11/2004;2;4;;;5711001;25/10/1986;5711001;CL 65 120 71;EL PALMAR;2;2;0;3125720745;angelicamarchs86@hotmail.com;;1;1;;;;;;4;1
2;empleado;28;68;27/12/2022;1;;5711001;322;0;Transferencia;1;20337236996;AHORROS;;;;3;;1;0;1;;;;;;;;;;;
3;4;12;;;;;;;;;;;;;;;;;;;;;;;;;;;;;;
4;125;;;;;;;;;;;;;;;;;;;;;;;;;;;;;;;
5;120;5;3;11;27/12/2022;;;;;;;;;;;;;;;;;;;;;;;;;;;
6;MES;1373000;;27/12/2022;;1;;;;;;;;;;;;;;;;;;;;;;;;;;
8;GUSTAVO ROJAS;3502041895;CL 65 120 71;5711001;;;;;;;;;;;;;;;;;;;;;;;;;;;;
