1;136595;PRESTAMOS A TRABAJADORES;1;;10;;;;;
1;236505;SALARIOS Y PAGOS LABORALES;1;;10;;;;;
1;237005;APORTES AL I.S.S.   ;3;;10;;;;;
1;237006;APORTES ADMON RIESGOS PROFESION. A.R.P;5;;10;;;;;
1;237010;APORTES CCF;4;;10;;;;;
1;237011;APORTES ICBF;8;115;10;;;;;
1;237012;APORTES SENA;8;117;10;;;;;
1;238030;FONDOS DE CESANTIAS Y O PENSIONES;2;;10;;;;;
1;250501;SALARIOS POR PAGAR;1;;10;;;;;
1;251010;LEY 50 DE 1990 Y NORMAS POSTERIORES     ;1;;10;;;;;
1;251501;INTERESES SOBRE CESANTIAS         ;1;;10;;;;;
1;252501;VACACIONES CONSOLIDADAS        ;1;;10;;;;;
1;261005;CESANTIAS;1;;10;;;;;
1;261010;INTERESES SOBRE CESANTIAS              ;1;;10;;;;;
1;261015;VACACIONES          ;1;;10;;;;;
1;261020;PRIMA DE SERVICIOS   ;1;;10;;;;;
1;720101;SUELDOS            ;1;;10;;;;;
1;720102;HORAS EXTRAS Y RECARGOS        ;1;;10;;;;;
1;720104;AUXILIO DE TRANSPORTE           ;1;;10;;;;;
1;720105;GARANTIZADO-GESTION;1;;10;;;;;
1;720106;INCAPACIDADES;1;;10;;;;;
1;720107;CESANTIAS                  ;1;;10;;;;;
1;720108;INTERESES SOBRE CESANTIAS               ;1;;10;;;;;
1;720109;PRIMA DE SERVICIOS          ;1;;10;;;;;
1;720110;VACACIONES       ;1;;10;;;;;
1;720112;APORTES ADMON RIESGOS PROFESION. A.R.P  ;5;;10;;;;;
1;720113;APORTES ENTIDADES PROMOT. SALUD E.P.S.  ;3;;10;;;;;
1;720114;APORTES A FONDOS DE PENSIONES Y/O CESANT;2;;10;;;;;
1;720115;APORTES CAJAS DE COMPENSACION FAMILIAR  ;4;;10;;;;;
1;720116;APORTES I.C.B.F.           ;8;115;10;;;;;
1;720117;SENA                                    ;8;117;10;;;;;
1;720118;CONTRATO APRENDIZAJE SENA     ;1;;10;;;;;
1;720119;GASTOS DE MOVILIZACION;1;;10;;;;;
2;4;;;;1;720101;250501;10;;3
2;4;;;;5;720104;250501;10;;3
2;4;;;;11;720102;250501;10;;3
2;4;;;;15;720106;250501;10;;3
2;4;;;;29;261015;252501;10;;3
2;4;;;;68;261010;251501;10;;3
2;4;;;;83;720119;250501;10;;3
2;4;;;;99;720105;250501;10;;3
2;4;;;;53;720118;250501;10;;3
2;4;;;;20;720106;250501;10;;3
2;4;;;;18;250501;237005;10;;3
2;4;;;;19;250501;238030;10;;3
2;4;;;;91;250501;136595;10;;3
2;4;;;;33;250501;238030;10;;3
2;4;;;;36;250501;236505;10;;3
2;4;;;;98;252501;261015;10;;3
2;4;;;;89;250501;136595;10;;3
2;4;;;;58;261020;250501;10;;3
2;4;;;;66;261005;251010;10;;3
2;4;;;;67;261010;251501;10;;3
2;4;;;;69;261010;251501;10;;3
2;4;;;;30;261015;252501;10;;3
2;2;;2;;;720107;261005;10;;2
2;2;;3;;;720108;261010;10;;2
2;2;;1;;;720109;261020;10;;2
2;2;;4;;;720110;261015;10;;2
2;3;;;3;;720112;237006;10;;1
2;3;;;2;;720113;237005;10;;1
2;3;;;1;;720114;238030;10;;1
2;3;;;6;;720117;237012;10;;1
2;3;;;5;;720116;237011;10;;1
2;3;;;4;;720115;237010;10;;1
