1;13301501;ANTICIPOS;1;;28;;;;;
1;13659505;OTROS PRESTAMOS;1;;28;;;;;
1;13802002;CUENTAS POR COBRAR CELULAR;1;;28;;;;;
1;23650501;RETENCION POR SALARIOS;1;;28;;;;;
1;23700501;APORTE SALUD;3;;28;;;;;
1;23700601;APORTE ARL;5;;28;;;;;
1;23701001;APORTE CCF;4;;28;;;;;
1;23701002;APORTE ICBF;8;115;28;;;;;
1;23701003;APORTE SENA;8;117;28;;;;;
1;23704502;SECREDITOS;8;140;28;;;;;
1;23709501;MEDICINA PREPAGADA;1;;28;;;;;
1;23801501;CUENTAS AFC;8;130;28;;;;;
1;23801502;APORTES VOLUNTARIOS;8;108;28;;;;;
1;23803001;APORTE PENSION;2;;28;;;;;
1;25050101;SUELDOS POR PAGAR;1;;28;;;;;
1;25101001;PROVISION CESANTIAS;1;;28;;;;;
1;25150101;PROVISION INTERESES CESANTIAS;1;;28;;;;;
1;25200101;PROVISION PRIMA DE SERVICIOS;1;;28;;;;;
1;25250101;PROVISION VACACIONES;1;;28;;;;;
1;25450501;DESCUENTOS EMPLEADOS;1;;28;;;;;
1;51050301;SALARIO INTEGRAL;1;;28;;;;;
1;51050601;SALARIO BÁSICO;1;;28;;;;;
1;51051501;HORA EXTRA DIURNA;1;;28;;;;;
1;51051502;HORA EXTRA DIURNA FESTIVA;1;;28;;;;;
1;51051503;HORA EXTRA NOCTURNA;1;;28;;;;;
1;51051504;HORA EXTRA NOCTURNA FESTIVA;1;;28;;;;;
1;51051505;RECARGO NOCTURNO;1;;28;;;;;
1;51051506;RECARGO NOCTURNO FESTIVO;1;;28;;;;;
1;51051507;RECARGO FESTIVO DIURNO 75%;1;;28;;;;;
1;51051508;DOMINICAL O FESTIVO (COM);1;;28;;;;;
1;51051509;DOMINICAL O FESTIVO (S .COM);1;;28;;;;;
1;51051801;COMISIONES;1;;28;;;;;
1;51052401;ACCIDENTE DE TRABAJO;1;;28;;;;;
1;51052402;INCAPACIDAD;1;;28;;;;;
1;51052403;INCAPACIDAD 50%;1;;28;;;;;
1;51052404;INCAPACIDAD 66.67%;1;;28;;;;;
1;51052405;LICENCIA MATERNIDAD;1;;28;;;;;
1;51052406;LICENCIA PATERNIDAD;1;;28;;;;;
1;51052407;AISLAMIENTO;1;;28;;;;;
1;51052408;CALAMIDAD DOMESTICA;1;;28;;;;;
1;51052409;DÍA DE LA FAMILIA;1;;28;;;;;
1;51052410;LICENCIA POR LUTO;1;;28;;;;;
1;51052411;LICENCIA REMUNERADA;1;;28;;;;;
1;51052701;AUXILIO DE TRANSPORTE;1;;28;;;;;
1;51052702;AUXILIO DE CONECTIVIDAD DIGITAL;1;;28;;;;;
1;51053001;CESANTIAS;1;;28;;;;;
1;51053301;INTERESES CESANTIAS;1;;28;;;;;
1;51053601;PRIMA DE SERVICIOS;1;;28;;;;;
1;51053901;VACACIONES;1;;28;;;;;
1;51054801;AUXILIO NO SALARIAL;1;;28;;;;;
1;51054802;TRANSPORTE ADICIONAL;1;;28;;;;;
1;51054804;REINTEGROS OCASIONALES;1;;28;;;;;
1;51054805;BONO NO SALARIAL;1;;28;;;;;
1;51054806;AUXILIO DE CELULAR;1;;28;;;;;
1;51056001;INDEMNIZACIONES;1;;28;;;;;
1;51056801;APORTE ARL;5;;28;;;;;
1;51056901;APORTE SALUD;3;;28;;;;;
1;51057001;APORTE PENSION;2;;28;;;;;
1;51057201;APORTE CCF;4;;28;;;;;
1;51057502;APORTE ICBF;8;115;28;;;;;
1;51057801;APORTE SENA;8;117;28;;;;;
1;52050301;SALARIO INTEGRAL;1;;28;;;;;
1;52050601;SALARIO BÁSICO;1;;28;;;;;
1;52051501;HORA EXTRA DIURNA;1;;28;;;;;
1;52051502;HORA EXTRA DIURNA FESTIVA;1;;28;;;;;
1;52051503;HORA EXTRA NOCTURNA;1;;28;;;;;
1;52051504;HORA EXTRA NOCTURNA FESTIVA;1;;28;;;;;
1;52051505;RECARGO NOCTURNO;1;;28;;;;;
1;52051506;RECARGO NOCTURNO FESTIVO;1;;28;;;;;
1;52051507;RECARGO FESTIVO DIURNO 75%;1;;28;;;;;
1;52051508;DOMINICAL O FESTIVO (COM);1;;28;;;;;
1;52051509;DOMINICAL O FESTIVO (S .COM);1;;28;;;;;
1;52051801;COMISIONES;1;;28;;;;;
1;52052401;ACCIDENTE DE TRABAJO;1;;28;;;;;
1;52052402;INCAPACIDAD;1;;28;;;;;
1;52052403;INCAPACIDAD 50%;1;;28;;;;;
1;52052404;INCAPACIDAD 66.67%;1;;28;;;;;
1;52052405;LICENCIA MATERNIDAD;1;;28;;;;;
1;52052406;LICENCIA PATERNIDAD;1;;28;;;;;
1;52052407;AISLAMIENTO;1;;28;;;;;
1;52052408;CALAMIDAD DOMESTICA;1;;28;;;;;
1;52052409;DÍA DE LA FAMILIA;1;;28;;;;;
1;52052410;LICENCIA POR LUTO;1;;28;;;;;
1;52052411;LICENCIA REMUNERADA;1;;28;;;;;
1;52052701;AUXILIO DE TRANSPORTE;1;;28;;;;;
1;52052702;AUXILIO DE CONECTIVIDAD DIGITAL;1;;28;;;;;
1;52053001;CESANTIAS;1;;28;;;;;
1;52053301;INTERESES CESANTIAS;1;;28;;;;;
1;52053601;PRIMA DE SERVICIOS;1;;28;;;;;
1;52053901;VACACIONES;1;;28;;;;;
1;52054801;AUXILIO NO SALARIAL;1;;28;;;;;
1;52054802;TRANSPORTE ADICIONAL;1;;28;;;;;
1;52054804;REINTEGROS OCASIONALES;1;;28;;;;;
1;52054805;BONO NO SALARIAL;1;;28;;;;;
1;52054806;AUXILIO DE CELULAR;1;;28;;;;;
1;52056001;INDEMNIZACIONES;1;;28;;;;;
1;52056801;APORTE ARL;5;;28;;;;;
1;52056901;APORTE SALUD;3;;28;;;;;
1;52057001;APORTE PENSION;2;;28;;;;;
1;52057201;APORTE CCF;4;;28;;;;;
1;52057502;APORTE ICBF;8;115;28;;;;;
1;52057801;APORTE SENA;8;117;28;;;;;
;;;;;;;;;;
;;;;;;;;;;
Tipo Registro;tipoConsulta;fkGrupoConcepto;fkTipoProvision;fkTipoAporteEmpleador;fkConcepto;cuentaDebito;cuentaCredito;fkEmpresa;fkCentroCosto ;Transaccion
2;4;;;;1;52050601;25050101;28;125;3
2;4;;;;49;52050601;25050101;28;125;3
2;4;;;;116;52050601;25050101;28;125;3
2;4;;;;2;52050301;25050101;28;125;3
2;4;;;;5;52052701;25050101;28;125;3
2;4;;;;103;52052701;25050101;28;125;3
2;4;;;;124;52052702;25050101;28;125;3
2;4;;;;62;52054801;25050101;28;125;3
2;4;;;;111;52054805;25050101;28;125;3
2;4;;;;56;52054806;25050101;28;125;3
2;4;;;;65;52054802;25050101;28;125;3
2;4;;;;3;52051801;25050101;28;125;3
2;4;;;;64;52054804;25050101;28;125;3
2;4;;;;11;52051501;25050101;28;125;3
2;4;;;;115;52051502;25050101;28;125;3
2;4;;;;13;52051503;25050101;28;125;3
2;4;;;;60;52051504;25050101;28;125;3
2;4;;;;42;52051505;25050101;28;125;3
2;4;;;;43;52051506;25050101;28;125;3
2;4;;;;48;52051507;25050101;28;125;3
2;4;;;;45;52051508;25050101;28;125;3
2;4;;;;12;52051509;25050101;28;125;3
2;4;;;;15;52052401;25050101;28;125;3
2;4;;;;106;52052402;25050101;28;125;3
2;4;;;;62;52052403;25050101;28;125;3
2;4;;;;17;52052404;25050101;28;125;3
2;4;;;;20;52052405;25050101;28;125;3
2;4;;;;21;52052406;25050101;28;125;3
2;4;;;;12;52052407;25050101;28;125;3
2;4;;;;45;52052408;25050101;28;125;3
2;4;;;;50;52052409;25050101;28;125;3
2;4;;;;22;52052410;25050101;28;125;3
2;4;;;;23;52052411;25050101;28;125;3
2;4;;;;65;52056001;25050101;28;125;3
2;4;;;;66;52056001;25050101;28;125;3
2;4;;;;67;52056001;25050101;28;125;3
2;4;;;;1;51050601;25050101;28;124;3
2;4;;;;49;51050601;25050101;28;124;3
2;4;;;;116;51050601;25050101;28;124;3
2;4;;;;2;51050301;25050101;28;124;3
2;4;;;;5;51052701;25050101;28;124;3
2;4;;;;103;51052701;25050101;28;124;3
2;4;;;;124;51052702;25050101;28;124;3
2;4;;;;62;51054801;25050101;28;124;3
2;4;;;;111;51054805;25050101;28;124;3
2;4;;;;56;51054806;25050101;28;124;3
2;4;;;;65;51054802;25050101;28;124;3
2;4;;;;3;51051801;25050101;28;124;3
2;4;;;;64;51054804;25050101;28;124;3
2;4;;;;11;51051501;25050101;28;124;3
2;4;;;;115;51051502;25050101;28;124;3
2;4;;;;13;51051503;25050101;28;124;3
2;4;;;;60;51051504;25050101;28;124;3
2;4;;;;42;51051505;25050101;28;124;3
2;4;;;;43;51051506;25050101;28;124;3
2;4;;;;48;51051507;25050101;28;124;3
2;4;;;;45;51051508;25050101;28;124;3
2;4;;;;12;51051509;25050101;28;124;3
2;4;;;;15;51052401;25050101;28;124;3
2;4;;;;106;51052402;25050101;28;124;3
2;4;;;;62;51052403;25050101;28;124;3
2;4;;;;17;51052404;25050101;28;124;3
2;4;;;;20;51052405;25050101;28;124;3
2;4;;;;21;51052406;25050101;28;124;3
2;4;;;;12;51052407;25050101;28;124;3
2;4;;;;45;51052408;25050101;28;124;3
2;4;;;;50;51052409;25050101;28;124;3
2;4;;;;22;51052410;25050101;28;124;3
2;4;;;;23;51052411;25050101;28;124;3
2;4;;;;65;51056001;25050101;28;124;3
2;4;;;;66;51056001;25050101;28;124;3
2;4;;;;67;51056001;25050101;28;124;3
2;2;;2;;;52053001;25101001;28;125;2
2;2;;3;;;52053301;25150101;28;125;2
2;2;;1;;;52053601;25200101;28;125;2
2;2;;4;;;52053901;25250101;28;125;2
2;2;;2;;;51053001;25101001;28;124;2
2;2;;3;;;51053301;25150101;28;124;2
2;2;;1;;;51053601;25200101;28;124;2
2;2;;4;;;51053901;25250101;28;124;2
2;3;;;2;;52056901;23700501;28;125;1
2;3;;;1;;52057001;23803001;28;125;1
2;3;;;7;;52057001;23803001;28;125;1
2;3;;;3;;52056801;23700601;28;125;1
2;3;;;4;;52057201;23701001;28;125;1
2;3;;;5;;52057502;23701002;28;125;1
2;3;;;6;;52057801;23701003;28;125;1
2;3;;;2;;51056901;23700501;28;124;1
2;3;;;1;;51057001;23803001;28;124;1
2;3;;;7;;51057001;23803001;28;124;1
2;3;;;3;;51056801;23700601;28;124;1
2;3;;;4;;51057201;23701001;28;124;1
2;3;;;5;;51057502;23701002;28;124;1
2;3;;;6;;51057801;23701003;28;124;1
2;4;;;;29;25250101;25050101;28;124;3
2;4;;;;116;25250101;25050101;28;124;3
2;4;;;;67;25101001;25050101;28;124;3
2;4;;;;68;25150101;25050101;28;124;3
2;4;;;;84;25101001;25050101;28;124;3
2;4;;;;66;25101001;25050101;28;124;3
2;4;;;;69;25150101;25050101;28;124;3
2;4;;;;58;25200101;25050101;28;124;3
2;4;;;;30;25250101;25050101;28;124;3
2;4;;;;79;25050101;23700501;28;124;3
2;4;;;;18;25050101;23700501;28;124;3
2;4;;;;19;25050101;23803001;28;124;3
2;4;;;;33;25050101;23803001;28;124;3
2;4;;;;36;25050101;23650501;28;124;3
2;4;;;;127;25050101;13301501;28;124;3
2;4;;;;80;25050101;13301501;28;124;3
2;4;;;;128;25050101;13802002;28;124;3
2;4;;;;125;25050101;23704502;28;124;3
2;4;;;;126;25050101;23709501;28;124;3
2;4;;;;119;25050101;13659505;28;124;3
2;4;;;;92;25050101;13659505;28;124;3
2;4;;;;90;25050101;25450501;28;124;3
2;4;;;;102;25050101;25450501;28;124;3
2;4;;;;40;25050101;23801501;28;124;3
2;4;;;;37;25050101;23801502;28;124;3
2;4;;;;29;25250101;25050101;28;125;3
2;4;;;;116;25250101;25050101;28;125;3
2;4;;;;67;25101001;25050101;28;125;3
2;4;;;;68;25150101;25050101;28;125;3
2;4;;;;84;25101001;25050101;28;125;3
2;4;;;;66;25101001;25050101;28;125;3
2;4;;;;69;25150101;25050101;28;125;3
2;4;;;;58;25200101;25050101;28;125;3
2;4;;;;30;25250101;25050101;28;125;3
2;4;;;;79;25050101;23700501;28;125;3
2;4;;;;18;25050101;23700501;28;125;3
2;4;;;;19;25050101;23803001;28;125;3
2;4;;;;33;25050101;23803001;28;125;3
2;4;;;;36;25050101;23650501;28;125;3
2;4;;;;127;25050101;13301501;28;125;3
2;4;;;;80;25050101;13301501;28;125;3
2;4;;;;128;25050101;13802002;28;125;3
2;4;;;;125;25050101;23704502;28;125;3
2;4;;;;126;25050101;23709501;28;125;3
2;4;;;;119;25050101;13659505;28;125;3
2;4;;;;92;25050101;13659505;28;125;3
2;4;;;;90;25050101;25450501;28;125;3
2;4;;;;102;25050101;25450501;28;125;3
2;4;;;;40;25050101;23801501;28;125;3
2;4;;;;37;25050101;23801502;28;125;3
