1;1001092366;1;DANIEL;SANTIAGO;URBINA;ENCISO;5711001;3/09/2021;1;3;;;5711001;15/08/2003;5711001;CR 94 106 04;SALITRE;2;1;3232495233;3232495233;dani12zomber@gmail.com;;1;1;;;;;;3;7;;;;;;
2;empleado;28;47;13/06/2022;1;;5711001;77;0;Transferencia;128;6342056128;AHORROS;;;;3;;1;0;1;;;;;;;;;;;;;;;;;
3;4;12;;;;;;;;;;;;;;;;;;;;;;;;;;;;;;;;;;;;
4;125;;;;;;;;;;;;;;;;;;;;;;;;;;;;;;;;;;;;;
5;11;5;14;11;13/06/2022;;;;;;;;;;;;;;;;;;;;;;;;;;;;;;;;;
6;MES;1000000;;13/06/2022;;1;;;;;;;;;;;;;;;;;;;;;;;;;;;;;;;;
8;JANNETH ENCISO MOYA;3143413650;CR 94 160 04;5711001;;;;;;;;;;;;;;;;;;;;;;;;;;;;;;;;;;
1;1000621333;1;ANGIE;PAOLA;CRISTANCHO;HASTAMORIR;5711001;15/01/2018;2;3;;;5711001;7/01/2000;5711001;CR 119 B 75 07;UNIR 2;1;1;0;3115506841;paolacristancho058@gmail.com;;4;1;;;;;;4;1;;;;;;
2;empleado;28;47;13/06/2022;1;;5711001;146;0;Transferencia;15;3115506841;AHORROS;;;;3;;1;0;1;;;;;;;;;;;;;;;;;
3;4;12;;;;;;;;;;;;;;;;;;;;;;;;;;;;;;;;;;;;
4;125;;;;;;;;;;;;;;;;;;;;;;;;;;;;;;;;;;;;;
5;13;5;83;13;13/06/2022;;;;;;;;;;;;;;;;;;;;;;;;;;;;;;;;;
6;MES;1000000;;13/06/2022;;1;;;;;;;;;;;;;;;;;;;;;;;;;;;;;;;;
8;GLORIA HASTAMORIR;3213108060;CR 119 B 75 07;5711001;;;;;;;;;;;;;;;;;;;;;;;;;;;;;;;;;;
