1;1014197927;1;JONNATAN;ALBERTO;PUERTO;GAVIRIA;5725001;9/02/2007;1;3;;;5725001;5/02/1989;5711001;CR 70 64 D 10;LA ESTRADA;3;2;0;3143374211;arq.jpuerto@gmail.com;;4;1;;;;;;6;1
2;empleado;23;30;1/04/2022;1;;5711001;159;1;Transferencia;1;17470014474;AHORROS;;;;1;;1;0;1;;;;;;;;;;;
3;1;6;;;;;;;;;;;;;;;;;;;;;;;;;;;;;;
4;115;;;;;;;;;;;;;;;;;;;;;;;;;;;;;;;
5;120;2;4;13;1/04/2022;;;;;;;;;;;;;;;;;;;;;;;;;;;
6;MES;1500000;;1/04/2022;;1;;;;;;;;;;;;;;;;;;;;;;;;;;
8;ALBERTO PUERTO;3115845574;CR 70 64 D 10;5711001;;;;;;;;;;;;;;;;;;;;;;;;;;;;
1;79990981;1;JHON;WILLIAM;SANCHEZ;RODRIGUEZ;5725001;5/04/2001;1;1;;;5773352;18/12/1982;5725754;CL 12 13 60;DANUBIO;1;4;9053151;3208528905;elizabethapontesanchez@gmail.com;;1;2;;;;;;1;1
2;empleado;23;30;8/04/2022;1;;5711001;166;1;Cheque;;;;;;;5;;1;0;1;;;;;;;;;;;
3;1;3;;;;;;;;;;;;;;;;;;;;;;;;;;;;;;
4;118;;;;;;;;;;;;;;;;;;;;;;;;;;;;;;;
5;110;2;68;110;8/04/2022;;;;;;;;;;;;;;;;;;;;;;;;;;;
6;MES;1000000;;8/04/2022;;1;;;;;;;;;;;;;;;;;;;;;;;;;;
8;ELIZABETH APONTE;3219566595;CL 12 13 60;5725754;;;;;;;;;;;;;;;;;;;;;;;;;;;;
