1;1096191490;1;PEDRO;ANDRES;SERNA;MORA;5768081;18/10/2005;1;3;;;5768081;29/07/1987;5768081;CL 53 B 36 27;;2;4;;3178386561;pedro_serna22@hotmail.com;;4;1;;;;;;6;1
2;empleado;20;27;3/08/2020;1;;5768081;111;1;Cheque;;;;;;;5;;1;0;0;;;;;;;;;;;
3;1;12;;;;;;;;;;;;;;;;;;;;;;;;;;;;;;
4;75;;;;;;;;;;;;;;;;;;;;;;;;;;;;;;;
5;11;50;3;11;3/08/2020;;;;;;;;;;;;;;;;;;;;;;;;;;;
6;MES;1400000;;3/08/2020;;1;;;;;;;;;;;;;;;;;;;;;;;;;;
8;;;;5768081;;;;;;;;;;;;;;;;;;;;;;;;;;;;
1;28020147;1;LERY;LAURA;ZARATE;ALTAMIRANDA;5768081;4/12/1997;2;3;;;5768081;7/05/1979;5768081;CL 51 15 70;;2;4;;3124118835;lerylaura0507@gmail.com;;4;1;;;;;;6;1
2;empleado;20;27;3/08/2020;1;;5768001;119;1;Cheque;;;;;;;5;;1;0;0;;;;;;;;;;;
3;1;12;;;;;;;;;;;;;;;;;;;;;;;;;;;;;;
4;75;;;;;;;;;;;;;;;;;;;;;;;;;;;;;;;
5;11;50;3;11;3/08/2020;;;;;;;;;;;;;;;;;;;;;;;;;;;
6;MES;0;;3/08/2020;;1;;;;;;;;;;;;;;;;;;;;;;;;;;
8;;;;5768081;;;;;;;;;;;;;;;;;;;;;;;;;;;;
