1;1014279169;1;JORGE;ALEXIS;DURAN;LEMUS;5711001;29/07/2014;1;3;;;5773268;18/07/1996;5711001;CL 75 105 C 27;GARCÉS NAVAS;3;2;0;3132597797;makabroins@gmail.com;;4;1;;;;;;5;1;;;;;;
2;empleado;28;44;1/07/2022;1;;5711001;256;0;Transferencia;121;644773215;AHORROS;;;;5;;1;0;1;;;;;;;;;;;;;;;;;
3;4;12;;;;;;;;;;;;;;;;;;;;;;;;;;;;;;;;;;;;
4;125;;;;;;;;;;;;;;;;;;;;;;;;;;;;;;;;;;;;;
5;11;5;14;11;1/07/2022;;;;;;;;;;;;;;;;;;;;;;;;;;;;;;;;;
6;MES;1150000;;1/07/2022;;1;;;;;;;;;;;;;;;;;;;;;;;;;;;;;;;;
8;ERIKA LEMUS;3204256517;CL 75 105 C 27;5711001;;;;;;;;;;;;;;;;;;;;;;;;;;;;;;;;;;
1;1094284470;1;LUIS;FERNANDO;SANTOS;CASTAÑEDA;5711001;8/02/2018;1;3;;;5711001;6/12/1988;5711001;CL 132 A 159 27;SANTA CECILIA;2;1;0;3044398554;fernando.cas406@gmail.com;;4;1;;;;;;3;1;;;;;;
2;empleado;28;44;1/07/2022;1;;5711001;256;0;Transferencia;130;466100102618;AHORROS;;;;5;;1;0;1;;;;;;;;;;;;;;;;;
3;4;12;;;;;;;;;;;;;;;;;;;;;;;;;;;;;;;;;;;;
4;125;;;;;;;;;;;;;;;;;;;;;;;;;;;;;;;;;;;;;
5;13;5;71;13;1/07/2022;;;;;;;;;;;;;;;;;;;;;;;;;;;;;;;;;
6;MES;1060000;;1/07/2022;;1;;;;;;;;;;;;;;;;;;;;;;;;;;;;;;;;
8;FRANKLIN SANTOS;3105455711;CL 132 A 159 27;5711001;;;;;;;;;;;;;;;;;;;;;;;;;;;;;;;;;;
1;1003741054;1;JAIME;ANDRES;DELGADO;BOHÓRQUEZ;5711001;8/09/2021;1;3;;;5711001;4/09/2002;5725001;CL 3 2 36;CAMPO ALEGRE;2;1;3188002875;3188002875;jandresdelgado127@gmail.com;;1;1;;;;;;2;1;;;;;;
2;empleado;28;44;1/07/2022;1;;5711001;256;0;Transferencia;1;5306917244094277;AHORROS;;;;5;;1;0;1;;;;;;;;;;;;;;;;;
3;4;12;;;;;;;;;;;;;;;;;;;;;;;;;;;;;;;;;;;;
4;125;;;;;;;;;;;;;;;;;;;;;;;;;;;;;;;;;;;;;
5;11;5;81;11;1/07/2022;;;;;;;;;;;;;;;;;;;;;;;;;;;;;;;;;
6;MES;1050000;;1/07/2022;;1;;;;;;;;;;;;;;;;;;;;;;;;;;;;;;;;
8;LUCY BOHÓRQUEZ;35534486;CL 3 2 36;5725001;;;;;;;;;;;;;;;;;;;;;;;;;;;;;;;;;;
