1;1014283753;1;CAMILA;ANDREA;QUINCHE;PACHÓN;5711001;18/12/2014;2;3;;;5711001;6/12/1996;5711001;CL 70 72 68;BOYACÁ;3;2;0;3013120663;caquinchep@gmail.com;;4;1;;;;;;6;1;;;;;;
2;empleado;28;36;2/01/2023;1;;5711001;86;0;Transferencia;127;24106012318;AHORROS;;;;1;;1;0;1;;;;;;;;;;;;;;;;;
3;4;12;;;;;;;;;;;;;;;;;;;;;;;;;;;;;;;;;;;;
4;125;;;;;;;;;;;;;;;;;;;;;;;;;;;;;;;;;;;;;
5;13;5;3;13;2/01/2023;;;;;;;;;;;;;;;;;;;;;;;;;;;;;;;;;
6;MES;1300000;;2/01/2023;;1;;;;;;;;;;;;;;;;;;;;;;;;;;;;;;;;
8;FABIOLA PACHÓN;3203522002;CL 70 72 68;5711001;;;;;;;;;;;;;;;;;;;;;;;;;;;;;;;;;;
1;1000135598;1;JUAN;DIEGO;LIZCANO;MOJICA;5711001;27/03/2018;1;3;;;5711001;11/03/2000;5711001;CR 77 L 65 J SUR;SAN PABLO;2;2;0;3102473937;juandiegolizcano727@gmail.com;;1;1;;;;;;5;7;;;;;;
2;empleado;28;47;2/01/2023;1;;5711001;23;0;Transferencia;126;948034277;AHORROS;;;;3;;1;0;1;;;;;;;;;;;;;;;;;
3;4;12;;;;;;;;;;;;;;;;;;;;;;;;;;;;;;;;;;;;
4;125;;;;;;;;;;;;;;;;;;;;;;;;;;;;;;;;;;;;;
5;11;5;71;11;2/01/2023;;;;;;;;;;;;;;;;;;;;;;;;;;;;;;;;;
6;MES;1270000;;2/01/2023;;1;;;;;;;;;;;;;;;;;;;;;;;;;;;;;;;;
8;FERNANDO LIZCANO VERA;3214882609;CL 38 31 118;5711001;;;;;;;;;;;;;;;;;;;;;;;;;;;;;;;;;;
